# EMIT FWHM (Nanometers) from L2A emit20260620t072444_o17105_s002_l2a_rfl_b0106_v01
# 285 channels
8.415000000000001
8.415000000000001
8.415000000000001
8.415000000000001
8.417
8.418
8.418999999999999
8.421
8.422
8.424
8.425
8.426
8.427999999999999
8.429
8.431
8.432
8.433
8.435
8.436
8.437999999999999
8.439
8.44
8.442
8.443000000000001
8.444999999999999
8.446
8.447
8.449
8.45
8.452
8.453000000000001
8.453999999999999
8.456
8.456999999999999
8.459
8.46
8.461
8.463
8.463999999999999
8.466
8.467
8.468
8.47
8.471
8.472999999999999
8.474
8.475
8.477
8.478
8.48
8.481
8.482
8.484
8.485
8.487
8.488000000000001
8.489
8.491
8.491999999999999
8.494
8.495000000000001
8.496
8.498000000000001
8.498999999999999
8.501
8.501999999999999
8.503
8.505
8.506
8.508
8.508999999999999
8.51
8.512
8.513
8.515
8.516
8.517
8.519
8.52
8.522
8.523
8.524000000000001
8.526
8.527
8.529
8.53
8.531
8.533000000000001
8.534
8.536
8.536999999999999
8.538
8.540000000000001
8.541
8.543000000000001
8.543999999999999
8.545
8.547
8.548
8.55
8.551
8.552000000000001
8.554
8.555
8.557
8.558
8.559000000000001
8.561
8.562
8.564
8.565
8.566
8.568
8.569
8.571
8.572
8.573
8.575
8.576
8.578000000000001
8.579
8.58
8.581999999999999
8.583
8.585
8.586
8.587
8.588999999999999
8.59
8.592
8.593
8.594
8.596
8.597000000000001
8.599
8.6
8.600999999999999
8.603
8.604000000000001
8.606000000000002
8.607
8.607999999999999
8.61
8.611
8.613000000000001
8.614
8.615
8.616999999999999
8.618
8.62
8.621
8.622
8.624
8.625
8.626999999999999
8.628
8.629
8.631
8.632000000000001
8.633999999999999
8.635
8.636
8.638
8.639000000000001
8.641
8.642000000000001
8.642999999999999
8.645
8.645999999999999
8.648
8.649000000000001
8.65
8.652
8.652999999999999
8.655
8.656
8.657
8.659
8.66
8.661999999999999
8.663
8.664
8.666
8.667
8.669
8.67
8.671
8.673
8.674
8.676
8.677000000000001
8.678
8.68
8.681
8.683
8.684000000000001
8.685
8.687000000000001
8.687999999999999
8.69
8.691
8.692
8.694
8.695
8.697
8.697999999999999
8.699
8.701
8.702
8.704
8.705
8.706
8.708
8.709
8.711
8.712
8.713999999999999
8.715
8.716
8.718
8.719
8.721
8.722000000000001
8.722999999999999
8.725
8.725999999999999
8.727
8.729000000000001
8.73
8.732
8.732999999999999
8.734
8.736
8.737
8.739
8.74
8.741
8.743
8.744
8.746
8.747
8.748000000000001
8.75
8.751
8.753
8.754
8.755
8.757
8.758000000000001
8.76
8.761
8.763
8.764
8.765
8.767000000000001
8.767999999999999
8.77
8.770999999999999
8.772
8.774000000000001
8.775
8.777
8.777999999999999
8.779
8.781
8.782
8.783
8.785
8.786
8.788
8.789
8.79
8.792
8.793000000000001
8.795
8.796
8.796999999999999
8.799
8.8
8.802000000000001
8.803
8.803999999999998
8.806
8.807
8.809000000000001
