# EMIT wavelengths (Nanometers) from L2A emit20260620t072444_o17105_s002_l2a_rfl_b0106_v01
# 285 channels
380.85787
388.26148
395.66808999999995
403.07768999999996
410.49028
417.90585000000004
425.32442
432.74499
440.16954000000004
447.59508999999997
455.02261999999996
462.45115
469.88268
477.31519
484.7497
492.1852
499.6237
507.06219
514.5026700000001
521.9431500000001
529.38562
536.8290900000001
544.27355
551.71901
559.16646
566.6139000000001
574.0613500000001
581.51078
588.96022
596.41065
603.86207
611.3145
618.76692
626.2203400000001
633.67375
641.12816
648.5825699999999
656.0379800000001
663.49339
670.94979
678.40619
685.8626
693.32
700.7774
708.2357999999999
715.69319
723.1515899999999
730.61099
738.06939
745.5287900000001
752.9881899999999
760.44859
767.90799
775.3684
782.8298
790.29021
797.75162
805.21403
812.67544
820.13686
827.59828
835.0596999999999
842.5221200000001
849.98355
857.4459800000001
864.90742
872.36986
879.8323
887.29375
894.75621
902.21866
909.6811299999999
917.1436
924.6060699999999
932.06855
939.53104
946.9925300000001
954.45503
961.91653
969.3790399999999
976.84056
984.30209
991.76362
999.22517
1006.6867100000001
1014.14727
1021.6088400000001
1029.06941
1036.52999
1043.9905899999999
1051.45119
1058.9117999999999
1066.37242
1073.83205
1081.29269
1088.75234
1096.212
1103.67067
1111.1303500000001
1118.58904
1126.0487500000002
1133.5074599999998
1140.96519
1148.4239300000002
1155.88268
1163.34044
1170.79822
1178.2560099999998
1185.71381
1193.17063
1200.62845
1208.0853
1215.54215
1222.99902
1230.4559
1237.9118
1245.36772
1252.82464
1260.28059
1267.73555
1275.1915199999999
1282.64651
1290.1025100000002
1297.55753
1305.0125699999999
1312.4666300000001
1319.9207
1327.3747899999998
1334.8278899999998
1342.28101
1349.73415
1357.18731
1364.63949
1372.0906799999998
1379.5429
1386.99413
1394.4453800000001
1401.89565
1409.34593
1416.7962400000001
1424.24557
1431.69492
1439.14429
1446.59268
1454.0410800000002
1461.48951
1468.93696
1476.3844399999998
1483.83193
1491.27844
1498.72498
1506.17154
1513.6171199999999
1521.06272
1528.5073499999999
1535.953
1543.39767
1550.84137
1558.28509
1565.72883
1573.1716
1580.61439
1588.0572
1595.49904
1602.94091
1610.3818
1617.82271
1625.2626500000001
1632.70362
1640.14261
1647.58263
1655.02167
1662.45974
1669.8978399999999
1677.33596
1684.77312
1692.21029
1699.6475
1707.0837299999998
1714.519
1721.9552899999999
1729.3906100000002
1736.82495
1744.25933
1751.69373
1759.12717
1766.5606300000002
1773.99413
1781.42665
1788.8592
1796.29079
1803.7224
1811.15304
1818.5837199999999
1826.01343
1833.44317
1840.87294
1848.3017399999999
1855.72957
1863.15744
1870.58534
1878.01227
1885.43923
1892.8652299999999
1900.29126
1907.71632
1915.1414200000002
1922.56555
1929.98971
1937.41291
1944.83615
1952.25942
1959.68172
1967.1040600000001
1974.52543
1981.94684
1989.36729
1996.7877700000001
2004.20729
2011.62684
2019.04543
2026.4640599999998
2033.8827300000003
2041.29943
2048.7171700000004
2056.1329499999997
2063.54876
2070.96461
2078.37951
2085.79444
2093.2084099999997
2100.62141
2108.03446
2115.44655
2122.8586699999996
2130.26984
2137.6810499999997
2145.09129
2152.50058
2159.9099100000003
2167.31927
2174.72768
2182.1351400000003
2189.54263
2196.94916
2204.35574
2211.76135
2219.16702
2226.57172
2233.97546
2241.37925
2248.78208
2256.18496
2263.5868800000003
2270.98884
2278.38985
2285.7909
2293.1909899999996
2300.5901400000002
2307.9883200000004
2315.3865499999997
2322.7848299999996
2330.18215
2337.5785100000003
2344.97393
2352.36939
2359.76489
2367.15944
2374.55304
2381.9456899999996
2389.3383799999997
2396.73012
2404.1219100000003
2411.51274
2418.90363
2426.29256
2433.68254
2441.07057
2448.45865
2455.84678
2463.23395
2470.62018
2478.00546
2485.3907799999997
2492.77616
